273,5
273,4
273,3
273,2
273,1
273,0
272,5
272,4
272,3
272,2
272,1
272,0
270,5
270,4
270,3
270,2
270,1
270,0
269,3
269,2
269,1
269,0
268,4
268,3
268,2
268,1
268,0
267,5
267,4
267,3
267,2
267,1
267,0
266,3
266,2
266,1
266,0
265,5
265,4
265,3
265,2
265,1
265,0
264,3
264,2
264,1
264,0
262,3
262,2
262,1
262,0
261,5
261,4
261,3
261,2
261,1
261,0
260,5
260,4
260,3
260,2
260,1
260,0
259,3
259,2
259,1
259,0
258,3
258,2
258,1
258,0
246,4
246,3
246,2
246,1
246,0
245,4
245,3
245,2
245,1
245,0
240,4
240,3
240,2
240,1
240,0
235,6
235,5
235,4
235,3
235,2
235,1
235,0
229,3
229,2
229,1
229,0
216,6
216,5
216,4
216,3
216,2
216,1
216,0
213,4
213,3
213,2
213,1
213,0
212,5
212,4
212,3
212,2
212,1
212,0
210,4
210,3
210,2
210,1
210,0
209,3
209,2
209,1
209,0
208,6
208,5
208,4
208,3
208,2
208,1
208,0
206,4
206,3
206,2
206,1
206,0
205,4
205,3
205,2
205,1
205,0
204,6
204,5
204,3
204,2
204,1
204,0
203,5
203,4
203,3
203,2
203,1
203,0
202,4
202,3
202,2
202,1
202,0
200,5
200,4
200,3
200,2
200,1
200,0
199,5
199,4
199,3
199,2
199,1
199,0
12,5
12,4
12,3
12,2
12,1
12,0
11,4
11,3
11,2
11,1
11,0
10,4
10,3
10,2
10,1
10,0
9,4
9,3
9,2
9,1
9,0
8,3
8,2
8,1
8,0
7,3
7,2
7,1
7,0
6,6
6,5
6,4
6,3
6,2
6,1
6,0
5,16
5,15
5,13
5,12
5,10
5,9
5,8
5,7
5,6
5,5
5,3
5,2
5,1
5,0
4,3
4,2
4,1
4,0
3,2
2,2
1,2
0,63
0,61
0,60
0,50
0,9
0,2
274,0
274,1
274,3
274,4
275,1
275,2
276,0
276,2
276,3
276,5
277,0
277,2
278,0
278,1
278,3
278,4
279,0
279,1
279,3
281,0
281,1
281,3
282,0
282,2
284,0
284,1
284,3
284,4
285,0
285,1
285,3
286,1
286,2
287,0
287,1
287,3
289,1
289,2
289,4
289,6
290,1
290,2
290,4
292,0
292,1
292,3
292,4
292,6
294,1
294,2
294,4
295,0
295,2
296,0
296,1
296,3
296,4
298,1
298,2
298,4
299,0
299,1
299,3
299,4
305,1
305,3
309,0
309,2
309,3
310,0
310,1
310,3
312,0
312,1
312,3
313,0
313,2
314,0
314,1
314,3
314,4
315,0
315,1
315,3
319,0
319,1
319,3
319,4
321,0
321,2
321,3
321,5
325,0
325,2
325,4
325,5
329,0
329,1
329,3
330,0
330,2
331,0
331,1
331,3
335,0
335,2
335,4
336,0
336,2
336,3
337,1
337,2
337,5
346,1
346,2
346,4
346,5
347,1
347,3
347,4
348,1
348,2
348,4
348,5
354,1
354,3
354,4
355,1
355,2
355,4
356,1
356,2
356,4
356,5
357,1
357,2
357,4
357,6
357,7
357,9
358,0
358,2
358,4
358,5
358,7
358,8
362,1
362,3
362,4
362,6
362,7
367,1
367,2
367,4
368,0
368,1
368,3
368,4
368,6
369,1
369,2
369,4
369,3
369,0
368,5
368,2
367,5
367,3
367,0
362,5
362,2
362,0
358,6
358,3
358,1
357,8
357,5
357,3
357,0
356,3
356,0
355,3
355,0
354,2
354,0
348,3
348,0
347,2
347,0
346,3
346,0
337,3
337,0
336,1
335,3
335,1
331,2
330,3
330,1
329,2
325,8
325,3
325,1
321,4
321,1
319,5
319,2
315,4
315,2
314,5
314,2
313,3
313,1
312,2
310,4
310,2
309,4
309,1
305,2
305,0
299,2
298,5
298,3
298,0
296,2
295,3
295,1
294,3
294,0
292,5
292,2
290,5
290,3
290,0
289,3
289,0
287,2
286,3
286,0
285,2
284,5
284,2
282,3
282,1
281,2
279,4
279,2
278,5
278,2
277,3
277,1
276,4
276,1
275,3
275,0
274,2
0,53
1,45
3,44
2,44
1,44
3,43
2,43
1,43
3,42
2,42
1,42
3,41
2,41
1,41
3,40
2,40
1,40
3,39
2,39
1,39
3,38
2,38
1,38
3,37
2,37
1,37
3,36
2,36
1,36
3,35
2,35
1,35
3,34
2,34
1,34
3,33
2,33
1,33
3,32
2,32
1,32
3,31
2,31
1,31
3,30
2,30
1,30
3,29
2,29
1,29
3,28
2,28
1,28
3,27
2,27
1,27
3,26
2,26
1,26
3,25
2,25
1,25
3,24
2,24
1,24
3,23
2,23
1,23
3,22
2,22
1,22
3,21
2,21
1,21
3,20
2,20
1,20
3,19
2,19
1,19
3,18
2,18
1,18
3,17
2,17
1,17
3,16
2,16
1,16
3,15
2,15
1,15
3,14
2,14
1,14
3,13
2,13
1,13
3,12
2,12
1,12
3,11
2,11
1,11
3,10
2,10
1,10
3,9
2,9
1,9
3,8
2,8
1,8
3,7
2,7
1,7
3,6
2,6
1,6
3,5
2,5
1,5
3,4
2,4
1,4
3,3
3,0
2,3
2,0
1,3
1,0
0,6
0,0
0,47
0,46
0,49
0,48
0,45
0,12
0,57
0,10
0,8
0,51
0,11
0,5
0,7
0,4
0,3
